2 154.184
4 98.322
6 69.411
8 55.674
10 55.222
12 50.731
14 65.667
16 100.386
18 93.836
20 83.395
22 47.500
24 54.677
2 153.471
4 98.577
6 69.805
8 62.332
10 51.615
12 51.561
14 78.779
16 49.624
18 79.089
20 96.361
22 45.535
24 58.964
2 153.616
4 98.860
6 79.184
8 56.033
10 55.951
12 46.042
14 80.577
16 76.919
18 77.693
20 66.169
22 48.405
24 52.831
2 153.538
4 98.393
6 64.871
8 59.444
10 70.194
12 48.794
14 58.049
16 84.051
18 42.856
20 77.736
22 77.626
24 85.189
2 153.976
4 98.449
6 77.382
8 62.608
10 44.910
12 60.708
14 43.749
16 58.841
18 91.787
20 58.429
22 52.270
24 91.086
2 153.485
4 98.201
6 77.404
8 65.653
10 55.208
12 56.769
14 46.776
16 69.536
18 84.272
20 78.535
22 55.356
24 118.101
2 153.504
4 98.169
6 77.687
8 94.059
10 55.104
12 35.150
14 67.087
16 52.822
18 77.782
20 96.575
22 55.371
24 57.853
2 156.723
4 98.198
6 60.179
8 55.482
10 43.961
12 34.971
14 54.988
16 95.362
18 80.158
20 65.574
22 66.009
24 54.011
2 153.625
4 98.481
6 77.687
8 64.941
10 55.485
12 48.166
14 79.820
16 74.143
18 74.880
20 76.210
22 47.416
24 61.836
2 153.477
4 98.425
6 78.502
8 58.622
10 68.215
12 42.650
14 45.692
16 102.542
18 81.596
20 91.358
22 61.803
24 67.744
2 156.654
4 98.324
6 78.115
8 62.349
10 55.394
12 68.883
14 52.939
16 64.942
18 76.423
20 62.107
22 60.444
24 109.671
2 153.544
4 101.387
6 64.980
8 67.520
10 52.527
12 51.197
14 57.328
16 56.237
18 86.938
20 85.552
22 56.377
24 68.366
2 153.428
4 99.612
6 75.075
8 61.620
10 55.723
12 44.277
14 65.781
16 74.970
18 74.897
20 55.409
22 52.811
24 51.767
2 153.547
4 114.070
6 77.966
8 64.270
10 53.148
12 38.180
14 62.660
16 63.838
18 54.740
20 92.314
22 52.148
24 64.375
2 153.602
4 98.297
6 64.856
8 55.494
10 56.225
12 48.741
14 79.662
16 67.352
18 74.580
20 80.057
22 67.688
24 56.106
2 153.591
4 98.599
6 78.678
8 65.233
10 55.990
12 48.367
14 44.410
16 62.913
18 56.649
20 66.167
22 52.031
24 50.006
2 153.552
4 98.395
6 64.183
8 65.145
10 46.178
12 50.389
14 58.856
16 54.669
18 77.475
20 74.900
22 56.021
24 53.035
2 153.934
4 101.287
6 77.995
8 65.577
10 86.595
12 63.699
14 46.603
16 68.343
18 80.951
20 76.479
22 68.838
24 69.639
2 153.317
4 98.296
6 77.801
8 59.587
10 47.566
12 48.845
14 66.473
16 76.931
18 76.864
20 82.500
22 49.761
24 68.236
2 153.553
4 98.276
6 75.314
8 65.206
10 56.073
12 51.671
14 46.052
16 72.820
18 81.856
20 42.878
22 69.106
24 82.885
