2 104.344
4 129.659
6 129.613
8 129.224
10 129.678
12 129.269
14 127.978
16 103.692
18 119.632
20 115.582
22 122.151
24 103.639
2 103.646
4 104.499
6 104.051
8 104.128
10 104.029
12 103.680
14 103.735
16 104.521
18 103.669
20 103.651
22 107.748
24 103.761
2 103.682
4 104.377
6 104.192
8 103.694
10 103.634
12 103.675
14 103.911
16 104.034
18 103.659
20 106.160
22 104.068
24 120.539
2 103.720
4 108.378
6 103.667
8 104.734
10 104.189
12 103.706
14 103.633
16 108.313
18 103.658
20 103.671
22 103.642
24 103.724
2 103.683
4 103.678
6 103.691
8 104.018
10 103.917
12 103.846
14 103.684
16 103.759
18 103.695
20 104.761
22 104.083
24 103.725
2 104.774
4 105.688
6 104.884
8 104.340
10 103.637
12 103.735
14 103.716
16 103.817
18 104.925
20 111.170
22 103.663
24 103.811
2 103.971
4 103.696
6 103.694
8 103.631
10 103.664
12 103.744
14 103.668
16 103.685
18 103.658
20 103.663
22 110.143
24 103.650
2 103.650
4 103.670
6 103.648
8 103.677
10 123.635
12 130.335
14 129.707
16 127.193
18 103.721
20 103.687
22 126.140
24 111.115
2 103.689
4 103.648
6 114.427
8 122.039
10 114.911
12 103.716
14 103.641
16 103.716
18 103.640
20 104.047
22 104.171
24 104.254
2 103.977
4 103.957
6 103.659
8 103.892
10 129.932
12 104.881
14 103.671
16 103.659
18 112.402
20 111.944
22 103.688
24 114.952
2 126.390
4 103.675
6 103.666
8 103.645
10 103.939
12 124.220
14 103.991
16 123.413
18 126.664
20 129.725
22 103.686
24 124.723
2 129.628
4 128.615
6 122.652
8 129.563
10 120.728
12 129.313
14 128.962
16 103.636
18 120.340
20 130.120
22 103.649
24 132.601
2 103.647
4 130.212
6 128.707
8 104.696
10 130.164
12 103.687
14 126.480
16 104.082
18 103.821
20 130.561
22 103.663
24 129.100
2 103.662
4 103.783
6 129.569
8 124.284
10 129.444
12 103.794
14 129.265
16 103.677
18 103.650
20 127.181
22 129.192
24 129.279
2 129.910
4 128.289
6 129.443
8 128.403
10 127.080
12 129.391
14 128.208
16 130.378
18 103.633
20 130.316
22 103.667
24 103.682
2 129.888
4 103.653
6 129.285
8 115.916
10 129.307
12 103.645
14 128.973
16 103.677
18 103.648
20 129.674
22 128.721
24 129.442
2 129.883
4 126.821
6 103.712
8 124.323
10 132.286
12 129.713
14 129.822
16 128.542
18 128.870
20 128.531
22 129.409
24 128.582
2 103.718
4 129.246
6 103.927
8 129.442
10 117.705
12 103.733
14 120.043
16 129.972
18 103.682
20 123.798
22 129.935
24 103.649
2 124.424
4 125.547
6 103.700
8 103.760
10 107.446
12 111.402
14 129.889
16 129.271
18 103.631
20 129.014
22 129.751
24 124.206
2 103.655
4 103.728
6 128.786
8 124.434
10 104.289
12 130.063
14 103.665
16 128.920
18 103.762
20 130.348
22 128.017
24 122.554
