2 188.171
4 188.153
6 207.820
8 188.483
10 188.546
12 188.122
14 188.494
16 188.452
18 188.273
20 188.393
22 188.165
24 188.662
2 188.582
4 188.171
6 188.194
8 188.363
10 191.157
12 188.574
14 214.285
16 188.174
18 218.175
20 200.649
22 214.003
24 213.149
2 202.290
4 214.771
6 214.748
8 212.309
10 207.846
12 188.724
14 191.454
16 188.349
18 205.052
20 188.298
22 204.188
24 204.795
2 213.896
4 214.908
6 189.996
8 188.267
10 210.112
12 213.563
14 188.189
16 215.527
18 188.467
20 188.052
22 203.296
24 188.905
2 188.565
4 214.594
6 213.813
8 210.358
10 212.256
12 188.673
14 215.013
16 196.981
18 213.963
20 213.283
22 188.194
24 214.737
2 214.912
4 212.082
6 209.574
8 192.104
10 212.475
12 213.593
14 188.063
16 188.265
18 188.209
20 188.543
22 214.198
24 215.089
2 213.290
4 214.052
6 188.697
8 188.177
10 188.201
12 188.130
14 188.035
16 188.349
18 188.132
20 189.388
22 188.461
24 188.240
2 188.126
4 188.495
6 188.977
8 188.473
10 188.515
12 188.167
14 188.141
16 188.144
18 191.524
20 188.272
22 188.352
24 188.391
2 188.382
4 188.201
6 188.210
8 188.422
10 188.070
12 188.419
14 188.132
16 188.327
18 188.452
20 188.478
22 188.546
24 188.544
2 188.262
4 188.162
6 188.508
8 189.047
10 188.182
12 188.373
14 188.265
16 188.153
18 188.533
20 188.064
22 188.200
24 188.395
2 212.704
4 188.172
6 188.107
8 208.663
10 188.141
12 188.125
14 213.610
16 188.253
18 214.661
20 188.128
22 213.785
24 188.473
2 188.250
4 215.322
6 216.329
8 212.966
10 208.135
12 213.582
14 209.213
16 188.207
18 213.438
20 188.247
22 213.411
24 214.930
2 217.072
4 188.221
6 213.990
8 213.864
10 214.839
12 188.444
14 188.657
16 189.570
18 188.474
20 188.431
22 188.472
24 215.093
2 200.293
4 214.286
6 189.555
8 214.149
10 209.566
12 215.009
14 197.562
16 188.301
18 191.292
20 214.774
22 213.657
24 195.959
2 212.845
4 215.005
6 215.016
8 212.895
10 204.018
12 214.982
14 191.366
16 214.699
18 208.611
20 213.399
22 189.988
24 213.358
2 213.673
4 214.371
6 211.923
8 209.278
10 189.239
12 213.676
14 214.291
16 188.438
18 213.900
20 214.897
22 212.581
24 212.976
2 212.885
4 213.809
6 213.869
8 213.787
10 188.323
12 216.523
14 188.217
16 211.115
18 215.370
20 214.063
22 212.486
24 189.466
2 216.021
4 213.861
6 188.144
8 188.111
10 214.366
12 208.289
14 213.627
16 212.995
18 188.232
20 188.393
22 188.568
24 189.916
2 214.931
4 188.179
6 213.151
8 188.472
10 188.211
12 212.394
14 214.551
16 188.275
18 188.314
20 214.668
22 209.168
24 211.468
2 189.716
4 212.768
6 188.309
8 208.985
10 208.209
12 213.893
14 201.656
16 188.171
18 188.558
20 188.082
22 188.061
24 189.680
