2 156.339
4 100.608
6 100.674
8 66.709
10 59.022
12 67.141
14 82.274
16 145.889
18 114.904
20 102.194
22 127.667
24 148.958
2 156.268
4 100.360
6 100.759
8 66.795
10 66.381
12 105.290
14 59.522
16 85.493
18 68.489
20 127.353
22 126.474
24 116.304
2 156.363
4 101.227
6 101.065
8 67.217
10 59.087
12 78.887
14 58.535
16 122.750
18 131.259
20 111.797
22 116.993
24 133.804
2 178.504
4 118.879
6 100.845
8 66.174
10 67.215
12 87.740
14 77.359
16 77.723
18 123.005
20 127.414
22 134.197
24 988.790
2 156.271
4 100.030
6 100.514
8 75.763
10 58.211
12 81.511
14 99.115
16 121.191
18 65.963
20 119.929
22 130.347
24 135.445
2 156.299
4 100.616
6 100.792
8 67.172
10 66.472
12 106.039
14 110.910
16 123.120
18 117.730
20 87.442
22 131.541
24 136.607
2 156.689
4 101.403
6 101.347
8 60.811
10 60.243
12 84.120
14 114.963
16 127.599
18 121.938
20 125.977
22 133.168
24 130.636
2 156.505
4 100.438
6 100.676
8 66.643
10 63.490
12 92.594
14 121.209
16 87.627
18 121.336
20 106.135
22 109.750
24 112.632
2 159.564
4 100.467
6 107.514
8 66.912
10 61.427
12 62.120
14 90.185
16 131.183
18 126.525
20 127.135
22 112.967
24 117.804
2 156.612
4 100.548
6 100.545
8 66.203
10 60.243
12 66.967
14 71.032
16 91.674
18 113.642
20 126.213
22 128.177
24 138.567
2 156.407
4 100.474
6 101.865
8 59.120
10 64.142
12 70.495
14 104.789
16 118.636
18 126.709
20 124.110
22 132.157
24 145.296
2 181.962
4 121.088
6 105.096
8 67.038
10 71.896
12 73.853
14 96.649
16 124.956
18 125.386
20 133.247
22 131.048
24 136.067
2 175.614
4 125.275
6 100.388
8 74.302
10 62.640
12 62.095
14 133.150
16 130.935
18 124.015
20 127.808
22 112.834
24 124.089
2 182.019
4 100.408
6 124.807
8 70.256
10 59.881
12 59.383
14 117.317
16 114.154
18 136.532
20 104.999
22 124.911
24 134.375
2 157.746
4 100.386
6 100.474
8 67.021
10 88.801
12 70.312
14 90.662
16 129.414
18 122.655
20 131.554
22 124.769
24 115.927
2 157.540
4 100.417
6 100.627
8 66.428
10 63.843
12 58.859
14 65.154
16 84.365
18 86.170
20 103.586
22 127.671
24 127.242
2 156.227
4 100.744
6 100.601
8 63.895
10 67.024
12 83.282
14 85.626
16 86.211
18 96.265
20 126.666
22 120.336
24 129.154
2 156.433
4 100.429
6 100.361
8 66.434
10 66.984
12 63.685
14 90.518
16 109.811
18 122.773
20 126.663
22 126.934
24 152.031
2 156.272
4 100.479
6 100.774
8 59.255
10 64.114
12 68.043
14 89.506
16 118.352
18 124.858
20 121.161
22 122.410
24 133.431
2 156.279
4 100.682
6 103.649
8 63.496
10 67.341
12 60.219
14 117.292
16 109.867
18 84.858
20 101.761
22 126.551
24 137.719
