2 191.307
4 217.225
6 191.459
8 191.246
10 194.496
12 191.230
14 192.393
16 192.006
18 191.573
20 191.480
22 191.231
24 192.775
2 191.400
4 191.329
6 191.365
8 191.501
10 191.263
12 191.554
14 191.913
16 192.052
18 191.387
20 191.504
22 191.576
24 191.636
2 192.403
4 192.138
6 191.506
8 192.335
10 192.554
12 191.692
14 192.143
16 192.211
18 191.201
20 191.263
22 191.120
24 194.345
2 191.715
4 192.428
6 191.536
8 191.423
10 191.381
12 203.804
14 191.461
16 193.122
18 191.441
20 192.404
22 191.303
24 191.530
2 191.384
4 191.558
6 191.259
8 191.796
10 191.299
12 191.268
14 192.050
16 191.606
18 194.805
20 191.492
22 191.604
24 191.973
2 191.377
4 191.296
6 191.499
8 191.359
10 191.609
12 196.722
14 191.144
16 191.501
18 191.398
20 194.070
22 191.462
24 193.738
2 191.784
4 191.260
6 191.604
8 191.341
10 191.794
12 191.278
14 191.200
16 191.712
18 191.350
20 191.528
22 191.242
24 191.871
2 191.316
4 191.596
6 194.019
8 191.586
10 196.971
12 191.373
14 191.248
16 192.115
18 191.399
20 192.268
22 191.279
24 191.127
2 196.459
4 191.453
6 191.157
8 191.209
10 191.474
12 191.342
14 191.687
16 191.442
18 191.861
20 191.373
22 191.354
24 191.346
2 191.331
4 191.516
6 191.596
8 191.213
10 191.565
12 191.316
14 191.229
16 191.925
18 196.953
20 191.342
22 191.331
24 194.380
2 211.813
4 211.857
6 217.704
8 216.508
10 192.716
12 214.060
14 191.552
16 216.357
18 217.457
20 209.551
22 216.929
24 191.327
2 191.420
4 217.827
6 191.515
8 218.401
10 191.325
12 191.368
14 217.425
16 210.371
18 199.564
20 216.787
22 191.444
24 191.570
2 191.278
4 191.277
6 216.681
8 216.181
10 216.634
12 217.144
14 191.354
16 218.152
18 191.357
20 216.796
22 212.124
24 215.120
2 217.189
4 217.910
6 216.893
8 217.001
10 212.425
12 209.506
14 216.886
16 197.868
18 191.196
20 214.494
22 192.462
24 191.232
2 201.019
4 216.133
6 191.826
8 217.288
10 192.601
12 208.126
14 195.526
16 192.639
18 191.333
20 191.602
22 217.845
24 218.109
2 216.957
4 216.129
6 191.608
8 217.206
10 194.749
12 217.599
14 191.643
16 191.748
18 212.578
20 212.171
22 191.324
24 192.382
2 191.337
4 217.400
6 204.310
8 215.810
10 210.809
12 212.285
14 193.322
16 217.975
18 217.230
20 215.697
22 217.395
24 214.857
2 204.820
4 216.780
6 216.472
8 196.353
10 207.945
12 191.509
14 191.574
16 193.377
18 216.664
20 218.494
22 217.986
24 216.771
2 191.667
4 215.607
6 207.689
8 216.521
10 193.696
12 207.931
14 199.533
16 215.308
18 216.834
20 191.510
22 191.242
24 217.313
2 191.268
4 191.684
6 191.339
8 191.249
10 216.651
12 218.091
14 191.268
16 191.347
18 216.966
20 209.701
22 217.944
24 216.471
