2 74.669
4 41.866
6 29.920
8 22.721
10 22.255
12 18.342
14 27.304
16 22.766
18 14.114
20 23.017
22 26.836
24 23.630
2 75.865
4 42.419
6 29.759
8 21.412
10 21.809
12 26.992
14 19.742
16 18.578
18 13.750
20 14.572
22 18.033
24 17.197
2 76.030
4 48.144
6 29.039
8 23.064
10 18.101
12 16.725
14 23.716
16 16.803
18 13.699
20 19.754
22 21.021
24 28.724
2 76.010
4 41.612
6 29.851
8 17.066
10 19.380
12 30.269
14 18.969
16 24.438
18 19.905
20 16.049
22 13.790
24 31.086
2 75.610
4 27.482
6 28.938
8 22.456
10 17.758
12 17.041
14 16.670
16 22.370
18 20.924
20 22.462
22 18.685
24 18.580
2 76.667
4 42.286
6 29.950
8 36.601
10 32.001
12 15.177
14 16.403
16 25.569
18 21.272
20 24.553
22 34.110
24 39.523
2 76.219
4 41.781
6 26.925
8 23.133
10 19.020
12 26.267
14 19.018
16 23.661
18 19.852
20 20.196
22 20.075
24 64.158
2 75.285
4 40.440
6 30.001
8 22.787
10 33.292
12 26.771
14 24.421
16 19.781
18 13.119
20 14.199
22 17.514
24 21.235
2 76.239
4 42.210
6 29.857
8 22.752
10 12.107
12 16.688
14 20.745
16 18.844
18 15.032
20 14.291
22 24.087
24 43.091
2 75.646
4 42.043
6 29.426
8 29.389
10 17.976
12 20.832
14 25.507
16 26.224
18 26.068
20 12.368
22 15.045
24 19.227
2 75.380
4 42.232
6 29.862
8 38.497
10 31.790
12 18.338
14 34.579
16 23.815
18 19.911
20 16.791
22 20.187
24 21.560
2 76.666
4 42.042
6 30.129
8 23.230
10 26.535
12 19.497
14 20.167
16 22.277
18 19.700
20 16.563
22 11.856
24 40.785
2 75.196
4 42.080
6 22.375
8 23.111
10 22.235
12 21.689
14 18.369
16 20.555
18 22.172
20 22.385
22 22.842
24 35.131
2 75.044
4 41.767
6 29.921
8 23.564
10 19.037
12 15.717
14 16.665
16 14.567
18 17.565
20 27.444
22 15.911
24 25.102
2 75.880
4 39.258
6 46.225
8 37.833
10 34.214
12 30.488
14 25.565
16 19.190
18 18.943
20 13.036
22 16.632
24 21.247
2 53.268
4 42.392
6 35.656
8 38.585
10 33.526
12 25.957
14 27.019
16 21.141
18 21.187
20 22.532
22 18.463
24 18.484
2 76.692
4 42.471
6 29.256
8 22.596
10 35.000
12 18.583
14 22.204
16 14.565
18 18.306
20 17.363
22 18.321
24 18.134
2 76.126
4 42.383
6 29.448
8 21.831
10 20.745
12 23.352
14 23.882
16 16.682
18 19.974
20 19.400
22 14.015
24 33.779
2 76.361
4 42.544
6 43.023
8 23.107
10 19.124
12 15.843
14 23.275
16 21.020
18 20.923
20 17.888
22 21.679
24 48.058
2 75.719
4 48.394
6 29.741
8 18.533
10 18.467
12 13.806
14 17.290
16 16.819
18 15.895
20 19.374
22 16.408
24 47.987
