2 7.958
4 7.966
6 7.986
8 7.988
10 7.976
12 7.947
14 7.982
16 7.993
18 7.975
20 10.162
22 7.978
24 7.985
2 8.020
4 8.025
6 7.987
8 7.978
10 7.967
12 7.976
14 7.965
16 7.975
18 7.964
20 7.981
22 7.963
24 7.970
2 7.955
4 7.980
6 7.963
8 7.978
10 7.963
12 7.976
14 7.984
16 7.980
18 7.978
20 7.967
22 7.979
24 7.980
2 7.980
4 7.960
6 7.984
8 7.982
10 7.971
12 7.968
14 7.967
16 7.981
18 7.978
20 7.967
22 7.980
24 7.975
2 7.985
4 7.979
6 7.967
8 7.982
10 7.965
12 7.973
14 7.993
16 7.961
18 7.980
20 7.968
22 7.990
24 7.973
2 7.985
4 8.005
6 7.988
8 7.971
10 7.956
12 7.968
14 7.972
16 7.977
18 7.959
20 7.960
22 7.975
24 7.951
2 7.961
4 7.981
6 7.992
8 7.968
10 7.961
12 7.970
14 7.975
16 7.967
18 7.965
20 7.991
22 7.958
24 7.956
2 7.988
4 7.963
6 7.974
8 7.977
10 7.981
12 7.952
14 7.966
16 7.981
18 7.971
20 7.976
22 7.975
24 7.950
2 7.972
4 7.954
6 7.983
8 7.972
10 7.969
12 7.954
14 7.989
16 7.978
18 7.977
20 10.178
22 7.965
24 7.976
2 7.965
4 7.964
6 7.958
8 7.964
10 7.982
12 7.977
14 7.988
16 7.976
18 7.970
20 7.975
22 7.971
24 7.977
