2 108.644
4 74.309
6 71.425
8 68.682
10 76.558
12 60.202
14 93.312
16 79.916
18 100.372
20 111.035
22 121.242
24 210.245
2 106.671
4 74.034
6 79.215
8 63.264
10 72.191
12 76.460
14 80.936
16 91.362
18 100.467
20 101.291
22 104.569
24 122.629
2 108.455
4 75.156
6 71.531
8 87.100
10 68.652
12 87.487
14 86.539
16 97.361
18 88.425
20 112.027
22 109.090
24 107.553
2 108.350
4 78.574
6 78.855
8 71.770
10 66.167
12 61.392
14 87.822
16 85.210
18 93.371
20 103.722
22 111.947
24 115.586
2 108.181
4 73.881
6 75.285
8 71.498
10 66.969
12 64.948
14 91.889
16 86.961
18 83.002
20 113.398
22 103.921
24 118.130
2 108.684
4 79.548
6 71.834
8 76.519
10 71.081
12 67.881
14 97.408
16 90.926
18 105.831
20 99.339
22 105.365
24 120.658
2 108.418
4 76.435
6 75.232
8 66.473
10 70.084
12 68.638
14 92.096
16 89.521
18 98.785
20 101.290
22 102.262
24 120.844
2 106.018
4 78.204
6 67.021
8 75.571
10 77.327
12 85.252
14 90.965
16 99.999
18 99.476
20 106.659
22 134.543
24 113.647
2 107.552
4 73.405
6 78.596
8 73.138
10 63.710
12 66.529
14 78.512
16 102.973
18 95.544
20 101.444
22 104.774
24 112.472
2 107.832
4 79.022
6 64.169
8 69.740
10 69.095
12 63.550
14 107.536
16 98.761
18 96.961
20 109.912
22 104.505
24 136.739
2 108.386
4 73.478
6 71.084
8 58.861
10 74.032
12 59.012
14 99.585
16 95.382
18 91.014
20 105.477
22 104.082
24 130.765
2 107.863
4 73.405
6 72.146
8 72.273
10 80.179
12 65.581
14 76.882
16 90.906
18 103.440
20 100.926
22 115.066
24 110.160
2 107.945
4 78.195
6 71.889
8 56.737
10 69.759
12 68.160
14 93.189
16 78.937
18 102.717
20 103.547
22 112.208
24 109.754
2 93.290
4 74.429
6 72.706
8 74.258
10 66.343
12 66.458
14 99.105
16 95.282
18 112.358
20 103.606
22 109.428
24 133.527
2 109.137
4 74.237
6 76.730
8 70.996
10 69.859
12 68.395
14 79.393
16 104.246
18 89.522
20 100.373
22 116.380
24 114.921
2 108.505
4 79.397
6 64.008
8 81.646
10 79.937
12 61.118
14 66.267
16 81.027
18 96.511
20 109.863
22 104.783
24 119.935
2 107.814
4 75.709
6 70.192
8 85.721
10 60.110
12 70.391
14 84.842
16 93.415
18 98.942
20 112.854
22 106.107
24 139.237
2 108.313
4 74.952
6 77.136
8 70.141
10 68.986
12 85.923
14 82.288
16 76.634
18 90.435
20 100.165
22 108.779
24 140.241
2 108.237
4 77.447
6 60.614
8 68.131
10 68.514
12 69.259
14 81.599
16 92.786
18 99.477
20 102.930
22 110.437
24 189.457
2 108.557
4 74.874
6 72.213
8 70.668
10 68.261
12 73.627
14 72.994
16 97.977
18 99.619
20 116.318
22 110.408
24 155.778
