2 118.221
4 92.541
6 85.385
8 88.651
10 96.375
12 110.075
14 120.642
16 138.242
18 140.489
20 150.633
22 161.440
24 168.811
2 119.773
4 94.776
6 91.186
8 94.580
10 105.148
12 105.658
14 116.669
16 144.012
18 150.055
20 157.199
22 160.103
24 169.905
2 116.195
4 93.949
6 80.386
8 93.509
10 98.113
12 107.734
14 132.780
16 142.429
18 146.873
20 151.544
22 172.370
24 183.775
2 116.480
4 94.211
6 92.975
8 94.732
10 106.553
12 107.575
14 122.424
16 145.633
18 148.716
20 154.026
22 171.173
24 196.636
2 131.084
4 81.299
6 92.078
8 91.863
10 100.004
12 96.961
14 116.539
16 138.836
18 145.863
20 161.828
22 157.584
24 180.443
2 130.169
4 94.845
6 89.620
8 88.642
10 102.428
12 96.706
14 125.534
16 143.639
18 145.768
20 155.727
22 160.397
24 174.591
2 124.245
4 77.562
6 81.809
8 91.221
10 97.874
12 96.993
14 121.708
16 127.601
18 146.027
20 146.152
22 155.954
24 166.393
2 119.495
4 95.602
6 94.306
8 100.350
10 104.899
12 171.033
14 138.465
16 136.010
18 144.227
20 145.607
22 155.923
24 165.778
2 118.350
4 95.027
6 97.126
8 103.857
10 104.939
12 100.303
14 120.686
16 138.174
18 138.928
20 146.155
22 173.222
24 193.316
2 119.095
4 92.848
6 103.304
8 85.649
10 102.366
12 111.066
14 112.068
16 139.807
18 143.961
20 168.639
22 172.696
24 177.007
2 119.786
4 93.168
6 94.925
8 89.786
10 112.042
12 118.029
14 126.149
16 130.645
18 152.789
20 145.349
22 161.643
24 170.253
2 120.976
4 76.141
6 78.678
8 100.345
10 110.051
12 104.317
14 119.115
16 145.982
18 143.042
20 153.300
22 163.895
24 214.279
2 115.558
4 85.783
6 95.683
8 88.433
10 94.566
12 103.304
14 118.480
16 140.648
18 147.546
20 152.516
22 164.726
24 175.377
2 118.745
4 97.401
6 83.885
8 95.512
10 90.840
12 105.625
14 109.418
16 135.518
18 149.572
20 153.022
22 153.934
24 181.482
2 120.095
4 91.593
6 85.671
8 92.037
10 95.200
12 105.907
14 127.205
16 143.934
18 148.775
20 151.951
22 164.529
24 161.419
2 128.634
4 80.857
6 85.452
8 97.716
10 92.752
12 122.689
14 119.331
16 142.289
18 149.113
20 151.332
22 162.607
24 188.957
2 125.663
4 88.374
6 89.321
8 90.212
10 93.557
12 109.389
14 115.629
16 127.315
18 146.148
20 157.053
22 163.463
24 170.443
2 118.866
4 81.747
6 89.440
8 90.829
10 105.733
12 101.083
14 118.537
16 134.341
18 141.351
20 150.979
22 160.282
24 173.408
2 116.269
4 98.428
6 97.611
8 106.017
10 103.173
12 107.636
14 117.576
16 136.576
18 148.438
20 149.580
22 160.420
24 169.064
2 119.104
4 95.040
6 98.045
8 94.397
10 111.260
12 109.778
14 115.502
16 140.034
18 143.823
20 148.511
22 160.957
24 200.585
