2 5.239
4 4.616
6 4.585
8 4.577
10 4.547
12 5.324
14 5.244
16 4.652
18 5.538
20 5.371
22 4.550
24 4.557
2 5.739
4 4.617
6 5.319
8 4.576
10 4.864
12 5.143
14 5.362
16 4.587
18 5.205
20 5.326
22 5.306
24 4.598
2 4.530
4 4.532
6 5.399
8 5.330
10 5.365
12 4.534
14 5.306
16 5.322
18 5.404
20 4.548
22 5.313
24 4.551
2 4.578
4 4.585
6 4.553
8 4.604
10 5.340
12 4.558
14 5.355
16 4.559
18 5.353
20 4.584
22 4.825
24 4.567
2 5.211
4 4.599
6 5.314
8 5.413
10 5.308
12 5.360
14 4.591
16 4.520
18 4.627
20 4.544
22 4.549
24 4.568
2 5.068
4 5.378
6 4.664
8 5.367
10 5.305
12 5.357
14 5.229
16 5.381
18 4.557
20 5.254
22 5.698
24 5.363
2 5.211
4 4.541
6 4.635
8 4.583
10 5.021
12 4.716
14 5.246
16 5.348
18 5.126
20 4.593
22 4.605
24 4.548
2 4.558
4 5.303
6 4.562
8 4.501
10 5.319
12 4.581
14 5.135
16 4.684
18 5.306
20 5.366
22 4.583
24 4.597
2 5.352
4 5.309
6 4.587
8 4.697
10 5.200
12 5.302
14 4.603
16 5.271
18 4.555
20 4.563
22 5.280
24 5.270
2 5.358
4 5.190
6 5.318
8 4.894
10 5.208
12 5.634
14 4.598
16 5.153
18 5.280
20 5.160
22 5.139
24 5.286
