2 5831.127
4 3122.433
6 2258.742
8 1884.963
10 1670.442
12 1728.757
14 1968.614
16 2133.906
18 2187.365
20 2159.864
22 2270.609
24 2446.659
2 5805.196
4 3124.478
6 2278.504
8 1891.071
10 1708.496
12 1621.410
14 1983.490
16 2116.609
18 2167.678
20 2231.564
22 2297.126
24 2360.434
2 5800.153
4 3137.075
6 2267.465
8 1881.394
10 1725.573
12 1635.849
14 1958.643
16 2067.046
18 2181.023
20 2241.863
22 2207.290
24 2362.814
2 5815.742
4 3150.559
6 2276.810
8 1865.101
10 1690.885
12 1617.753
14 1946.675
16 2083.374
18 2197.324
20 2219.515
22 2264.890
24 2397.350
2 5798.469
4 3115.866
6 2278.227
8 1894.389
10 1682.303
12 1595.689
14 2001.673
16 2092.993
18 2137.364
20 2218.013
22 2234.368
24 2336.193
2 5816.902
4 3125.454
6 2263.494
8 1886.762
10 1674.751
12 1660.723
14 1953.565
16 2082.937
18 2115.091
20 2229.142
22 2273.692
24 2361.486
2 5808.640
4 3134.258
6 2269.590
8 1870.905
10 1752.950
12 1619.836
14 1992.546
16 2089.766
18 2156.826
20 2173.087
22 2233.598
24 2378.809
2 5780.362
4 3124.444
6 2262.763
8 1879.950
10 1719.650
12 1600.519
14 1954.334
16 2110.050
18 2159.553
20 2213.652
22 2240.053
24 2395.964
2 5808.943
4 3119.725
6 2272.727
8 1881.427
10 1666.834
12 1614.690
14 1983.697
16 2082.767
18 2157.523
20 2219.178
22 2322.113
24 2310.024
2 5800.535
4 3110.194
6 2280.605
8 1886.043
10 1695.537
12 1636.156
14 1966.131
16 2127.234
18 2172.354
20 2231.222
22 2272.967
24 2417.371
