2 1919.565
4 1919.082
6 1930.870
8 1932.241
10 1916.357
12 1927.959
14 1917.342
16 1932.332
18 1918.531
20 1914.085
22 1927.420
24 1930.029
2 1922.863
4 1917.244
6 1917.179
8 1924.024
10 1925.132
12 1926.672
14 1924.282
16 1921.806
18 1921.309
20 1932.505
22 1931.676
24 1919.841
2 1915.717
4 1915.786
6 1915.623
8 1915.881
10 1925.972
12 1915.878
14 1918.715
16 1915.499
18 1919.321
20 1916.526
22 1916.927
24 1919.822
2 1915.679
4 1917.791
6 1915.758
8 1918.696
10 1916.887
12 1919.027
14 1914.249
16 1915.623
18 1919.397
20 1916.598
22 1929.393
24 1916.279
2 1937.596
4 1917.717
6 1919.244
8 1917.159
10 1916.203
12 1918.196
14 1916.776
16 1925.311
18 1919.030
20 1921.798
22 1919.024
24 1915.462
2 1922.477
4 1916.520
6 1918.822
8 1916.279
10 1917.922
12 1916.489
14 1914.506
16 1917.536
18 1915.748
20 1920.491
22 1919.051
24 1918.074
2 1914.975
4 1919.404
6 1917.438
8 1916.255
10 1919.249
12 1917.123
14 1918.782
16 1914.508
18 1920.588
20 1914.616
22 1915.751
24 1917.739
2 1915.786
4 1919.463
6 1919.268
8 1918.895
10 1917.310
12 1918.939
14 1914.458
16 1917.838
18 1917.407
20 1918.338
22 1921.501
24 1918.492
2 1919.122
4 1916.647
6 1915.972
8 1916.537
10 1917.865
12 1920.451
14 1916.638
16 1920.524
18 1919.078
20 1931.583
22 1928.726
24 1929.700
2 1915.585
4 1929.913
6 1920.168
8 1930.603
10 1919.028
12 1915.868
14 1929.508
16 1919.139
18 1931.058
20 1924.858
22 1929.622
24 1931.165
