2 11249.872
4 11324.988
6 11235.166
8 11242.179
10 11250.485
12 11261.989
14 11229.245
16 11243.283
18 11238.790
20 11281.688
22 11246.875
24 11242.474
2 11244.867
4 11255.227
6 11238.210
8 11246.297
10 11239.453
12 11241.653
14 11256.197
16 11244.087
18 11286.561
20 11247.104
22 11231.856
24 11254.259
2 11235.938
4 11233.651
6 11244.565
8 11283.292
10 11256.054
12 11248.441
14 11236.243
16 11283.398
18 11272.141
20 11239.272
22 11242.548
24 11241.020
2 11308.794
4 11272.581
6 11231.307
8 11238.188
10 11233.125
12 11240.121
14 11234.604
16 11239.297
18 11238.035
20 11247.695
22 11231.554
24 11238.999
2 11273.320
4 11237.743
6 11230.365
8 11242.295
10 11270.104
12 11243.115
14 11240.442
16 11242.475
18 11248.543
20 11243.725
22 11278.309
24 11272.717
2 11235.905
4 11238.538
6 11245.027
8 11319.804
10 11247.296
12 11252.125
14 11262.289
16 11235.203
18 11233.489
20 11241.375
22 11297.881
24 11233.038
2 11245.156
4 11248.242
6 11243.762
8 11244.020
10 11235.071
12 11297.302
14 11235.439
16 11244.991
18 11237.682
20 11239.827
22 11251.381
24 11282.642
2 11248.796
4 11241.317
6 11237.161
8 11250.368
10 11249.457
12 11255.994
14 11271.114
16 11279.482
18 11245.569
20 11246.049
22 11253.539
24 11255.617
2 11247.480
4 11247.009
6 11241.596
8 11312.553
10 11257.420
12 11227.543
14 11245.812
16 11254.520
18 11253.343
20 11243.894
22 11272.100
24 11258.121
2 11234.433
4 11258.905
6 11240.450
8 11237.627
10 11249.862
12 11271.355
14 11237.590
16 11235.137
18 11235.901
20 11246.481
22 11236.098
24 11280.498
