2 9720.112
4 6354.787
6 4427.265
8 3616.129
10 2824.604
12 2321.743
14 2161.348
16 1928.321
18 1854.894
20 1624.625
22 1951.384
24 1805.953
2 9705.622
4 6358.681
6 4454.504
8 3621.084
10 2827.493
12 2343.390
14 2215.354
16 1935.660
18 1597.683
20 1808.360
22 1732.284
24 1821.373
2 9759.517
4 6363.174
6 4414.767
8 3639.058
10 2852.670
12 2331.610
14 2057.901
16 1947.741
18 1752.556
20 1602.092
22 1717.655
24 1685.153
2 9710.374
4 6355.162
6 4459.737
8 3615.978
10 2828.918
12 2321.794
14 1998.113
16 1969.732
18 1747.753
20 1606.701
22 1781.958
24 1702.902
2 9707.697
4 6355.938
6 4436.359
8 3617.486
10 2817.442
12 2416.885
14 2238.334
16 2051.303
18 1804.970
20 1757.902
22 2020.829
24 1567.031
2 9736.028
4 6353.509
6 4419.967
8 3624.288
10 2830.845
12 2327.662
14 2012.895
16 2016.421
18 1704.339
20 1662.275
22 1846.830
24 1750.833
2 9699.144
4 6352.479
6 4458.496
8 3627.037
10 2833.789
12 2351.996
14 2033.436
16 1932.069
18 1922.052
20 1686.738
22 1559.820
24 1865.467
2 9700.068
4 6379.770
6 4425.831
8 3610.221
10 2828.113
12 2318.058
14 2170.459
16 1961.424
18 1812.737
20 1879.656
22 1769.193
24 1638.505
2 9698.520
4 6359.593
6 4444.885
8 3627.542
10 2825.677
12 2353.629
14 2037.753
16 1937.240
18 1781.538
20 1615.138
22 1730.975
24 1813.966
2 9695.576
4 6360.401
6 4427.468
8 3612.372
10 2866.275
12 2323.226
14 2144.648
16 2109.673
18 1927.885
20 1564.956
22 1873.895
24 1625.490
