2 9721.993
4 6363.044
6 5091.505
8 3625.043
10 3625.387
12 2868.589
14 2948.957
16 1963.312
18 1933.063
20 2140.770
22 2121.099
24 2218.435
2 9742.930
4 6378.600
6 5095.006
8 3629.599
10 3621.417
12 2809.307
14 2828.840
16 1954.881
18 1992.606
20 2061.445
22 2183.557
24 2206.793
2 9720.227
4 6384.752
6 5107.414
8 3629.328
10 3629.602
12 2813.080
14 2806.586
16 2012.720
18 2078.248
20 2060.546
22 2069.843
24 2161.427
2 9731.349
4 6372.287
6 5105.553
8 3626.366
10 3647.642
12 2818.778
14 2845.898
16 2130.710
18 1947.552
20 2145.374
22 2133.238
24 2166.235
2 9725.256
4 6370.882
6 5095.339
8 3627.588
10 3622.569
12 2822.559
14 2818.863
16 2094.239
18 2073.086
20 1943.951
22 2249.488
24 2131.101
2 9725.074
4 6362.535
6 5094.199
8 3614.372
10 3628.692
12 2835.048
14 2924.851
16 2127.347
18 1937.276
20 2076.783
22 2122.367
24 2268.225
2 9736.099
4 6407.342
6 5090.829
8 3725.520
10 3676.625
12 2816.735
14 2864.656
16 1941.521
18 2127.906
20 1926.786
22 2069.544
24 2336.285
2 9723.773
4 6366.821
6 5099.465
8 4028.351
10 3629.789
12 2810.071
14 2944.136
16 2126.611
18 2056.725
20 1956.938
22 2106.320
24 2180.876
2 9726.968
4 6364.827
6 5157.681
8 3624.800
10 3622.715
12 2815.534
14 2936.093
16 1979.267
18 2099.529
20 2175.737
22 2051.152
24 2069.636
2 9720.844
4 6400.506
6 5114.783
8 3626.024
10 3623.178
12 2824.230
14 2920.493
16 1931.462
18 2147.811
20 2112.209
22 2146.700
24 2430.697
