2 1005.084
4 514.768
6 346.324
8 252.591
10 219.897
12 300.546
14 239.337
16 216.720
18 196.623
20 183.079
22 162.494
24 148.307
2 1011.342
4 511.378
6 337.006
8 251.291
10 287.494
12 197.806
14 241.274
16 212.253
18 198.831
20 183.692
22 160.018
24 147.075
2 1013.857
4 514.786
6 356.315
8 268.554
10 333.970
12 278.119
14 247.886
16 226.225
18 189.702
20 185.796
22 169.730
24 152.691
2 1010.543
4 518.583
6 329.503
8 260.914
10 216.321
12 190.797
14 241.834
16 212.393
18 212.844
20 188.359
22 175.040
24 158.368
2 1019.449
4 520.196
6 355.766
8 273.062
10 211.262
12 193.527
14 250.809
16 213.571
18 203.973
20 184.167
22 162.219
24 157.982
2 997.339
4 518.441
6 355.665
8 247.801
10 227.534
12 278.436
14 241.022
16 222.837
18 202.583
20 173.423
22 156.148
24 164.292
2 1012.443
4 524.587
6 347.825
8 267.556
10 225.508
12 191.606
14 257.835
16 219.365
18 190.348
20 173.597
22 164.608
24 203.656
2 988.959
4 522.591
6 356.215
8 309.905
10 206.050
12 174.964
14 241.644
16 221.098
18 188.909
20 177.079
22 166.523
24 157.539
2 1010.367
4 518.698
6 357.122
8 266.350
10 233.404
12 278.118
14 241.816
16 236.099
18 205.834
20 170.703
22 183.839
24 150.848
2 1013.199
4 520.026
6 379.058
8 296.174
10 213.684
12 185.408
14 241.089
16 210.852
18 214.618
20 192.660
22 169.731
24 168.554
