2 5640.533
4 2832.255
6 1917.286
8 1450.216
10 1167.664
12 1063.069
14 1340.926
16 1407.745
18 1422.620
20 1425.422
22 1418.613
24 1491.650
2 5657.365
4 2833.579
6 1911.093
8 1438.917
10 1170.359
12 1046.529
14 1318.707
16 1392.171
18 1430.367
20 1425.660
22 1423.294
24 1499.043
2 5640.444
4 2829.734
6 1912.405
8 1446.628
10 1171.773
12 1185.102
14 1367.686
16 1423.298
18 1432.672
20 1426.515
22 1420.433
24 1495.543
2 5662.535
4 2830.758
6 1912.666
8 1446.470
10 1167.521
12 1146.150
14 1349.490
16 1404.697
18 1430.650
20 1414.669
22 1469.219
24 1521.630
2 5643.015
4 2843.177
6 1908.211
8 1451.340
10 1174.219
12 1097.031
14 1329.262
16 1415.832
18 1428.497
20 1429.788
22 1438.049
24 1476.919
2 5662.608
4 2840.642
6 1909.423
8 1454.083
10 1173.677
12 1044.148
14 1340.937
16 1468.466
18 1414.901
20 1423.529
22 1443.857
24 1495.560
2 5639.397
4 2834.643
6 1909.442
8 1452.798
10 1171.360
12 1063.157
14 1343.399
16 1409.735
18 1420.746
20 1427.215
22 1433.503
24 1511.441
2 5646.334
4 2829.976
6 1916.526
8 1449.343
10 1212.869
12 1151.727
14 1369.878
16 1403.811
18 1426.534
20 1412.377
22 1424.761
24 1514.509
2 5644.192
4 2833.769
6 1919.363
8 1444.436
10 1173.064
12 1119.490
14 1334.418
16 1403.813
18 1417.256
20 1426.685
22 1493.256
24 1465.052
2 5640.287
4 2833.273
6 1904.232
8 1466.083
10 1171.851
12 1049.475
14 1375.865
16 1424.202
18 1410.965
20 1427.923
22 1446.735
24 1521.598
