2 5.314
4 5.281
6 5.260
8 5.103
10 4.530
12 4.507
14 4.536
16 5.270
18 4.760
20 4.993
22 5.137
24 5.460
2 4.731
4 5.700
6 4.519
8 4.929
10 4.543
12 4.715
14 4.494
16 4.465
18 4.765
20 5.423
22 5.051
24 5.268
2 4.556
4 4.459
6 4.526
8 4.462
10 5.145
12 4.492
14 5.316
16 5.310
18 4.481
20 4.485
22 4.460
24 4.525
2 4.485
4 4.504
6 4.538
8 4.513
10 4.487
12 4.558
14 4.475
16 4.642
18 4.499
20 4.495
22 5.305
24 4.512
2 4.462
4 4.598
6 4.528
8 5.190
10 4.498
12 4.507
14 4.505
16 4.522
18 4.467
20 4.487
22 4.521
24 4.912
2 5.270
4 4.526
6 4.506
8 4.534
10 4.487
12 4.496
14 4.541
16 4.665
18 4.524
20 4.496
22 4.517
24 4.522
2 4.524
4 4.529
6 4.515
8 4.509
10 5.240
12 5.216
14 4.504
16 4.487
18 4.516
20 5.313
22 4.496
24 5.271
2 5.310
4 4.501
6 5.184
8 4.726
10 4.498
12 4.538
14 5.336
16 4.505
18 4.504
20 5.237
22 4.998
24 5.325
2 4.520
4 5.215
6 4.698
8 4.519
10 5.039
12 4.631
14 4.480
16 5.209
18 4.534
20 4.579
22 5.304
24 4.511
2 4.491
4 5.035
6 5.013
8 4.519
10 4.529
12 4.517
14 5.208
16 4.627
18 4.471
20 4.512
22 5.313
24 4.488
