2 11271.601
4 11250.970
6 11276.049
8 11252.114
10 11261.497
12 11254.911
14 11250.105
16 11263.977
18 11259.593
20 11283.604
22 11247.908
24 11246.844
2 11267.036
4 11283.250
6 11280.988
8 11253.536
10 11260.975
12 11247.225
14 11249.186
16 11253.953
18 11280.132
20 11245.369
22 11250.618
24 11254.610
2 11263.874
4 11260.809
6 11243.378
8 11249.083
10 11248.592
12 11250.700
14 11250.403
16 11249.304
18 11242.653
20 11249.234
22 11276.066
24 11248.704
2 11246.471
4 11249.689
6 11273.203
8 11237.724
10 11241.576
12 11243.350
14 11257.128
16 11253.884
18 11260.116
20 11245.850
22 11274.738
24 11254.431
2 11261.789
4 11253.507
6 11248.274
8 11267.789
10 11246.217
12 11256.982
14 11249.977
16 11249.225
18 11250.234
20 11270.841
22 11250.684
24 11250.422
2 11247.101
4 11252.569
6 11247.893
8 11276.219
10 11250.214
12 11241.996
14 11250.397
16 11249.166
18 11239.980
20 11245.093
22 11273.403
24 11241.109
2 11245.319
4 11249.141
6 11246.495
8 11243.340
10 11245.914
12 11261.800
14 11241.552
16 11242.333
18 11248.682
20 11259.210
22 11261.553
24 11283.750
2 11263.675
4 11255.472
6 11249.949
8 11246.649
10 11256.569
12 11296.206
14 11297.481
16 11250.498
18 11271.216
20 11284.617
22 11241.724
24 11247.476
2 11250.621
4 11248.468
6 11250.893
8 11237.303
10 11242.029
12 11323.772
14 11260.863
16 11318.360
18 11274.415
20 11246.150
22 11244.814
24 11250.556
2 11242.630
4 11252.720
6 11248.667
8 11260.708
10 11303.380
12 11254.048
14 11252.477
16 11250.710
18 11250.483
20 11253.222
22 11251.953
24 11251.541
